0110000111000011000000000000000000000000000000000
1011000111100001100000000000000000000000000000000
1101100111100001110000000000000000000000000000000
0110110011111000111000000000000000000000000000000
0011011001111100011100000000000000000000000000000
0001101000011100001110000000000000000000000000000
0000110000011100000010000000000000000000000000000
1110000011000011000001100000000000000000000000000
1111000101100011110001100000000000000000000000000
1111100110110011111000111000000000000000000000000
0111100011011001111100011100000000000000000000000
0001111001101100111110001110000000000000000000000
0001111000110100011110000111000000000000000000000
0000111000011000001110000011000000000000000000000
1000000111000001100001110000110000000000000000000
1110000111100010110001111000111000000000000000000
0111000011110011011001111100011100000000000000000
0011100011111001101100111110001110000000000000000
0001110001111100110110001111000111000000000000000
0000110000111100011010001111000011100000000000000
0000011000011100001100000111000001100000000000000
0000000110000011100000110000111000011000000000000
0000000111000011110001011000111100011100000000000
0000000001100011110001101100111110001110000000000
0000000001110001111100110110001111000111000000000
0000000000111000111110011011001111100011100000000
0000000000011100011110001101000111100001110000000
0000000000001100001110000110000011100000110000000
0000000000000011000001110000011000011100001100000
0000000000000011100001110000101100011110001110000
0000000000000001110001111100110110011111000111000
0000000000000000111000111110011011001111100011000
0000000000000000011100011111001101100111110001110
0000000000000000001110001111000110100001110000111
0000000000000000000110000111000011000000110000011
0000000000000000000001100000111000001100001110000
0000000000000000000001110000111100010110001111000
0000000000000000000000111000111110011011001111000
0000000000000000000000011100011110001101100111110
0000000000000000000000001110001111000110110011110
0000000000000000000000000111000111100011010001111
0000000000000000000000000011000011100001100000111
0000000000000000000000000000110000011100000110000
0000000000000000000000000000111000011110001011000
0000000000000000000000000000011100011111001101100
0000000000000000000000000000001110001111100110110
0000000000000000000000000000000011000011110011011
0000000000000000000000000000000011100011110001101
0000000000000000000000000000000001100000110000110
